coor    15
         1    0.00000E+00    0.00000E+00    0.00000E+00
         2    0.50000E+00    0.00000E+00    0.00000E+00
         3    0.10000E+01    0.00000E+00    0.00000E+00
         4    0.15000E+01    0.00000E+00    0.00000E+00
         5    0.20000E+01    0.00000E+00    0.00000E+00
         6    0.00000E+00    0.50000E+00    0.00000E+00
         7    0.50000E+00    0.50000E+00    0.00000E+00
         8    0.10000E+01    0.50000E+00    0.00000E+00
         9    0.15000E+01    0.50000E+00    0.00000E+00
        10    0.20000E+01    0.50000E+00    0.00000E+00
        11    0.00000E+00    0.10000E+01    0.00000E+00
        12    0.50000E+00    0.10000E+01    0.00000E+00
        13    0.10000E+01    0.10000E+01    0.00000E+00
        14    0.15000E+01    0.10000E+01    0.00000E+00
        15    0.20000E+01    0.10000E+01    0.00000E+00
elem         16
         1         3         1         2         7
         2         3         1         7         6
         3         3         2         3         8
         4         3         2         8         7
         5         3         3         4         9
         6         3         3         9         8
         7         3         4         5        10
         8         3         4        10         9
         9         3         6         7        12
        10         3         6        12        11
        11         3         7         8        13
        12         3         7        13        12
        13         3         8         9        14
        14         3         8        14        13
        15         3         9        10        15
        16         3         9        15        14
nosc  2
         1   0.00000E+000   0.00000E+000
         2   0.10000E-001   0.00000E+000
         3   0.20000E-001   0.00000E+000
         4   0.30000E-001   0.00000E+000
         5   0.40000E-001   0.00000E+000
         6   0.00000E+000   0.42500E-001
         7   0.10000E-001   0.42500E-001
         8   0.20000E-001   0.42500E-001
         9   0.30000E-001   0.42500E-001
        10   0.40000E-001   0.42500E-001
        11   0.00000E+000   0.85000E-001
        12   0.10000E-001   0.85000E-001
        13   0.20000E-001   0.85000E-001
        14   0.30000E-001   0.85000E-001
        15   0.40000E-001   0.85000E-001
nvec 
         1   0.00000E+000   0.00000E+000   0.00000E+000
         2   0.10000E-001   0.00000E+000   0.00000E+000
         3   0.20000E-001   0.00000E+000   0.00000E+000
         4   0.30000E-001   0.00000E+000   0.00000E+000
         5   0.40000E-001   0.00000E+000   0.00000E+000
         6   0.00000E+000   0.42500E-001   0.00000E+000
         7   0.10000E-001   0.42500E-001   0.00000E+000
         8   0.20000E-001   0.42500E-001   0.00000E+000
         9   0.30000E-001   0.42500E-001   0.00000E+000
        10   0.40000E-001   0.42500E-001   0.00000E+000
        11   0.00000E+000   0.85000E-001   0.00000E+000
        12   0.10000E-001   0.85000E-001   0.00000E+000
        13   0.20000E-001   0.85000E-001   0.00000E+000
        14   0.30000E-001   0.85000E-001   0.00000E+000
        15   0.40000E-001   0.85000E-001   0.00000E+000
end 
Tensoes por elemento (nel, sx, sy, txy):
       1    0.50000E+02    0.10000E+03   -0.84227E-06
       2    0.50000E+02    0.10000E+03   -0.33586E-05
       3    0.50000E+02    0.10000E+03    0.50422E-06
       4    0.50000E+02    0.10000E+03    0.10569E-05
       5    0.50000E+02    0.10000E+03    0.80389E-07
       6    0.50000E+02    0.10000E+03   -0.19404E-06
       7    0.50000E+02    0.10000E+03    0.11703E-05
       8    0.50000E+02    0.10000E+03    0.20387E-05
       9    0.50000E+02    0.10000E+03   -0.20635E-05
      10    0.50000E+02    0.10000E+03   -0.41711E-05
      11    0.50000E+02    0.10000E+03    0.35143E-05
      12    0.50000E+02    0.10000E+03    0.39474E-05
      13    0.50000E+02    0.10000E+03    0.40229E-06
      14    0.50000E+02    0.10000E+03    0.81324E-06
      15    0.50000E+02    0.10000E+03    0.19689E-05
      16    0.50000E+02    0.10000E+03    0.30105E-05
